Trial,"House id",Condition,Step,Actual,Answer,"Start Time","End Time",Likert
0,61,2,2,585,500,1650541535106,1650541541768,0
1,1,2,2,1010,1200,1650541541796,1650541547801,0
2,2,2,2,1195,600,1650541547824,1650541554101,0
0,6,2,3,485,450,1650541556299,1650541582128,4
1,7,2,3,375,400,1650541582158,1650541599095,5
2,103,2,3,475,450,1650541599117,1650541622157,4
3,166,2,3,470,400,1650541622186,1650541637206,4
4,4,2,3,1060,1000,1650541637228,1650541658279,4
0,61,2,2,585,500,1650542525693,1650542533654,0
1,1,2,2,1010,600,1650542533678,1650542539753,0
2,2,2,2,1195,1200,1650542539779,1650542545492,0
0,6,2,3,485,450,1650542547981,1650542702634,5
1,7,2,3,375,450,1650542702668,1650542774034,5
